0.6575391528446082
0.7151349665547242
0.07579694822202464
0.692681770000694
0.8168218301256084
0.0006413642334624353
0.3557391004248801
0.6296056094876448
0.7682772812478686
0.8528878835710934
0.5735730624425784
0.8366943350609807
0.868901118849631
0.7154229632277228
0.018900047241317167
0.701148744148024
0.809226042999929
0.1538354772617597
0.8241976106295312
0.5494049660620294
0.6356461651123201
0.5680803098523453
0.6422493138283452
0.617827235283759
0.16434140279158893
0.8079748943567955
0.6909095095060781
0.7695327645113128
0.7505644592060153
0.9280850970351631
0.8808649490026069
0.7143518703485605
0.49938345786367483
0.7963960255835217
0.8090524359248354
0.8904239788784659
0.34142387644750777
0.4412563683571996
0.8290890745022352
0.9039875345532487
0.11654268534893376
0.23324377621329873
0.7705906100289329
0.8341891667926302
0.9144810784140479
0.8730494848907093
0.7851112503937374
0.743249338698985
0.6153972407320815
0.1818100524315103
0.7394511273716659
0.8655429253971977
0.8967011768927011
0.3380698651017598
0.8680398045675077
0.7372128065299711
0.24221517694206185
0.8810133569526041
0.5010527725538125
0.6635778114069214
0.6900015068678174
0.8570129393620244
0.7420596829812688
0.5969379528612442
0.8616639454951357
0.5497856177521568
0.7789123783345777
0.8338413802990814
0.8923331350074614
0.5673129916743705
0.8458018762456562
0.44142810318122716
0.7379537044082747
0.8269312482147837
0.6755981130955344
0.5333732953875738
0.5260208328844335
0.8693179839792045
0.17586510613435538
0.8768844917112875
0.6677540473446346
0.7004237585721798
0.862623020010726
0.7107546583845743
0.8891634260716669
0.7563065677786505
0.20176129577515337
0.3764231684407408
0.8194770725973074
0.10828782535828514
0.7409579397618092
0.7750276543529306
0.7257779929905097
0.8278178312314064
0.4673393116052032
0.8403654650360418
0.30921938768240537
0.5724009841234684
0.6061464732426106
0.0
0.8486449527324449
0.7239476081069193
0.7446194636483467
0.4761527824235906
0.508724771943495
0.5666296031573386
0.8178984616224566
0.7046210336117541
0.7822929046353405
0.13924093444643768
0.5777150825286789
0.892859884216342
0.290471105172231
0.35069513718074175
0.7987563623921188
0.6810784722078589
0.6357770328468983
0.7567042302582112
0.7562966980985347
0.7514140802436765
0.7367779674195204
0.809592381317771
0.7455356887570519
0.804726722936985
0.7555386117852324
0.9310863076527358
0.8110060084242544
0.6945152894062594
0.736363740667228
0.9473665435105942
0.8905987000951673
0.3125912055283893
0.28712797436602594
0.7478747513969933
0.3338818855337451
0.7721604425789353
0.5277687118561933
0.1127750715876583
0.5734148908741613
0.9348599173246334
0.8567844472903754
0.7848338731597919
0.05886403524967525
0.8030416181042549
0.8921199083464039
0.7817800592919694
0.6026130320523374
0.6698410997383585
0.5678698236552868
0.3994650763589673
0.752145292314203
0.39289950145050945
0.8276222570123265
0.724007308583114
0.8977380626957049
0.8534753677473638
0.8469349936988501
0.6809336581334992
0.7857403780863692
0.7098945943131718
0.653324127368645
0.9020305473417574
0.6708779391453945
0.8014447131585882
0.9100315411493816
0.6754982977238064
0.8180191990427674
0.5723781778180166
0.6573726326190857
0.8048344538966483
0.21482599413265527
0.6638876284139833
0.8948587571020381
0.0
0.912881834876651
0.8787199938207182
0.7201914138038681
0.9389521080774198
0.9233160492641308
0.7027508491396128
0.7027193007783428
0.0
0.8087409747053901
0.5007996729051102
0.5768331502532811
0.5692176089033887
0.7890677953756884
0.7675231200660848
0.7428767335166471
0.7124647368409353
0.6428653902718521
0.8120970482799367
0.8280745026309412
0.8534130549413084
0.6314896889490359
0.8206181186522276
0.9081807070802109
0.6536020594908104
0.38804380020250173
0.5514780338990825
0.7229843880086048
0.7032393461665079
0.6812017453691145
0.051452457651097606
0.7444783611655281
0.8161551387686257
0.5529901856630326
0.7929491328525182
0.4043949509843304
0.8574989979575788
0.7166821363927979
0.6960652869448996
0.41943454449406936
0.7842685110474323
0.22973823635407822
0.883344821333297
0.8790708146732086
0.6732767768210055
0.8948087677461583
0.8225805131292173
0.1536046986243626
0.3362590885128319
0.8270314566251988
0.44664241197963467
0.7709929373489951
0.777891218659967
0.5505604764580643
0.8928936928841769
0.8264194520630858
0.7386490456655519
0.18620238192497435
0.4690361424314225
0.9106713018274089
0.6994010325396861
0.45522839169420626
0.8264939790512863
0.13822356057713006
0.6891271344824753
0.7950653148617305
0.5697445739900918
0.7793166321610874
0.8917560715182826
0.2420138529292412
0.42486110698895196
0.8565624820061097
0.5841649420704351
0.834964527605487
0.02823991637696787
0.7427195412991022
0.7569565941948248
0.07115417076658152
0.475285386241172
0.7318420003713795
0.8713374861303881
0.7024133174782975
0.8578982262246782
0.8081757263988234
0.3126589619516228
0.7739153185315578
0.8078944059396803
0.907639337305274
0.8773523454479842
0.8679371730304513
0.16573660349600652
0.850098406065391
0.8762442105961705
0.8436177623841006
0.7618129249238789
0.9214703984834107
0.8704458632337775
0.7828822157689153
0.6789562620715199
0.837699398817923
0.7471082506640212
0.7843418754244954
0.7978121027374729
0.7177011833773166
0.9113015229255436
0.6901758829493949
0.7697875857761359
0.863867957654317
0.8926313792804296
0.769417693321184
0.8889568200601083
0.6997679127025858
0.4707641934146056
0.7814807808777638
0.8746376992758761
0.7676801506125726
0.8608336049616021
0.8961308673234287
0.9453950645265278
0.42469957896227956
0.8146753251631773
0.1473063767254566
0.7453257319455401
0.8932152005953468
0.744831242309395
0.0
0.1868762858122335
0.45960418465335906
0.7570002571096829
0.8942524258431297
0.1668197722508476
0.8063175989308546
0.7716799150647936
0.7472835811069563
0.8201320650932011
0.7668016268084429
0.5290448113321511
0.7868006812804614
0.323137951084306
0.7895975488698874
0.5308084165795667
0.7109758894953228
0.6407552168188668
0.08187494436281732
0.6602824290493217
0.0
0.44820432091254775
0.8271512251756039
0.7157708590721533
0.8913006344377601
0.7735712810017815
0.9211295724473564
0.32838936401947183
0.7844671563016544
0.928414413677308
0.6766242427011053
0.9348536007009898
0.8280992534617421
0.7842963284020767
0.9531227679977461
0.36703831276665794
0.7750692592752804
0.7386310619428073
0.9417554782328025
0.6521698250587342
0.27473743543617224
0.8855117537471956
0.7819241201546102
0.6859829686492677
0.005862949971822377
0.6419632389393944
0.8734174290664529
0.5488105002504836
0.5786811308251576
0.5292864592485754
0.7797906001780291
0.20514717994394366
0.8453980154822667
0.8074221612566854
0.6819665108021086
0.7684916608676
0.9376848709944313
0.543622382905643
0.7806711494809563
0.7102711986873739
0.775834073418971
0.24165187144339492
0.7515501378082101
0.8205084532583053
0.7278565576841911
0.42534127167954483
0.15416823982087668
0.8979900205127185
0.5604963202142035
0.8261483739649872
0.6858529786021805
0.6881901755419629
0.8698328128875322
0.8151662771103891
0.7878601815736559
0.7150647310564304
0.7659233556524448
0.06929367280179355
0.7690512873256996
0.6509404942697319
0.7516367536088878
0.8869033567769067
0.7153835912636644
0.6555213872550602
0.639217636882933
0.6301044386378418
0.1546514955031731
0.9185942936844141
0.8447960201869991
0.8776977135178233
0.8369941027294446
0.8498213904870466
0.09768746337501902
0.8803410192399189
0.546918177767887
0.2470149462105911
0.0
0.06336729521249736
0.6273050823589361
0.721865634095084
0.7699466608097614
0.7051101428268395
0.8316027214424248
0.6853906851120164
0.5777364095817731
0.796085681812181
0.5844618985237489
0.7783597574236465
0.6136995155748598
0.7980616493628393
0.7414435305880912
0.7392094927569692
0.5053498401392252
0.3560779376025597
0.879035689102875
0.34509123153109406
0.8715492712746435
0.862336010765538
0.7101748081565558
0.8608242999217633
0.6508474859967286
0.15053111836248054
0.7390255949994231
0.6939998038270352
0.38468839422964834
0.8247137236458499
0.7948921408040422
0.6227875307063815
0.7449029148687757
0.8054313932339562
0.8813845687847327
0.8689496081822805
0.8734420262949454
0.38019092853926556
0.748778799965743
0.7715051760746482
0.7448834647820078
0.8840746738270514
0.4983631774790517
0.6398612439402369
0.9070370596862152
0.6009500909364588
0.8304518845320725
0.026756621683614146
0.8030956323920422
0.662499602947427
0.11849727797786729
0.23649217388207544
0.9339037828770177
0.5294855272222166
0.8801310118293332
0.624893133222517
0.46585432115648223
0.8752940869238823
0.7264554305448568
0.622896417611126
0.45643100208276044
0.8448535072678092
0.3065863830401519
0.8372682242035095
0.05409474464861596
0.7853465402637474
0.5177956742507149
0.8513682324954617
0.9183862543610022
0.8321318609415627
0.26867807415239237
0.8116039219920445
0.6942619000507302
0.6207659511926794
0.8550473551402534
0.8549272441925356
0.858353871634991
0.43080223670983325
0.7773688184577329
0.5654380126272429
0.7480977524795519
0.8038236594597583
0.8087218361515494
0.635426621720238
0.6356711641042057
0.6485386950336397
0.7752176795499605
0.6790596788820097
0.5243643583610658
0.7882215175017584
0.6957004449647283
0.8533831193661885
0.8802545353973822
0.18134747522648084
0.2628251300437832
0.44789807426251665
0.5498739419109113
0.7511570105931402
0.7656194812814996
0.0
0.4229863180754989
0.7218964997513003
0.7066149381010486
0.7640392078768915
0.6145747555057669
0.605995800477858
0.7211020102825465
0.8994891436156468
0.022007094634785895
0.7438749018663875
0.9090668149485699
0.13520064296641018
0.561661270480059
0.6362629779412409
0.8942390832949225
0.9175179953273682
0.5939770969140286
0.30035492326041374
0.6132620471273456
0.322612168282531
0.6771701668293428
0.9081713031917411
0.8129094387004723
0.003161301610391837
0.42801008802063417
0.8038267199039262
0.6524277680723215
0.20525978781856669
0.7131422749237951
0.8968678964636693
0.7578782929666147
0.56794528439735
0.6498690577259923
0.7418957778553301
0.28232085114498245
0.89768361357911
0.7974545407332767
0.9305185243555696
0.5453330444502531
0.7382287070693178
0.9319601847091147
0.8532715977230376
0.8857771227538281
0.8144590309096923
0.7544004952260331
0.24082410139080104
0.6960478859231345
0.5996896810739752
0.7859188246237572
0.7502834436572822
0.8438237720739326
0.8342661756489124
0.8612261909767999
0.12358237978527281
0.8297197606681106
0.9305447540625227
0.8622005462418475
0.15164890113537394
0.6433901488024617
0.10048013512377561
0.8023887095931554
0.9249799550389823
0.867559306248299
0.8339756645823362
0.7857832433406612
0.7682149359025595
0.9039807201110068
0.631099024010614
0.5240333203530197
0.7059153918399662
0.8953617180949117
0.6961037585215513
0.927747183611647
0.02992189573914151
0.8063677628753443
0.763914288406559
0.7713588093812067
0.6439051765275993
0.22704463579635453
0.8688094791688155
0.7289699313601434
0.29827973377229217
0.6990980238527019
0.028479987596918385
0.6342215436368599
0.8215951777189905
0.6667522225657649
0.6649934334714936
0.8418978784090241
0.8992547795240492
0.8546993396635205
0.9344002213434235
0.19972230831857726
0.9299364295422434
0.7660366004270102
0.7941150599499601
0.897143917179771
0.5594234944214806
0.6044656482871226
0.47783202597310886
0.8409287746114582
0.5725872782521284
0.8790044349796167
0.23860430423611023
0.6687424727321841
0.771386001582484
0.8021484032275961
0.9352868911566731
0.8431082279535922
0.6326168991017226
0.882006302057494
0.4308231665168249
0.6101484633497702
0.7247383209135729
0.7535478402244475
0.7723338984807483
0.7242383578538333
0.7550767057508959
0.816233741847315
0.8587761392029273
0.5779593604670166
0.76400042080076
0.7303104298496286
0.6100374758358611
0.644005507411537
0.5326304378392029
0.3343113353335245
0.8688286271236407
0.6816620990996848
0.835377402274655
0.27415817324578107
0.6700021232900154
0.7781224969467121
0.6313979577736809
0.5878979368206191
0.26145709365961795
0.5877319324207179
0.24533428910427638
0.44707465526140866
0.25813293878689375
0.5467911681125694
0.7259546113581409
0.8568781141157
0.6106182487782751
0.8812139278139941
0.8555690409436549
0.6750755056476229
0.6596572422338961
0.4270904098073355
0.6855635363873963
0.7489641041414554
0.6525837819199963
0.6689122587342463
0.6715501802476072
0.835609410352262
0.3851175777127365
0.48287712854029746
0.21192545033676752
0.8464150208738868
0.12286915283461178
0.30367287760368994
0.7909013566146881
0.31978785317800307
0.7668205362047931
0.9137699360554243
0.849597535768492
0.6983547769706966
0.6971570910619044
0.8993462513903653
0.028387199918338234
0.39878292078578875
0.8136425954147729
0.5962608418045109
0.6995809743076516
0.7273219062924766
0.4827097063087179
0.8472476930327125
0.7105597926284027
0.7940999462874646
0.8144316107537272
0.5515359620681061
0.7140900420057468
0.8193551861893412
0.8670341141019136
0.6386374662682823
0.7898248400031269
0.863515169668528
0.7260870794444887
0.027629582019335262
0.04691689564691731
0.8556573995385156
0.03530432031141984
0.5769933264612059
0.21824779288294416
0.6359130520412898
0.8836919604172667
0.6955830742000941
0.07721834243901267
0.8188205102973798
0.9085337286930121
0.47457826592091096
0.8434078971311082
0.8607978001500777
0.8309912639066283
0.6652498389863424
0.882937808846466
0.016406700243007805
0.9103188227044692
0.26660917032740516
0.6567524512326218
0.6736553581223202
0.8711871530874111
0.6799533674098386
0.5423600979982668
0.46239838450790866
0.7162206308394957
0.601083446856492
0.375987327149716
0.677698024290422
0.714452334369835
0.8185936596577834
0.3150161925761647
0.307097711859263
0.24309951174917022
0.8217216090755592
0.7999005864945424
0.36770768909894186
0.26681811969332
0.8827759488335015
0.2560023523126941
0.292255619824537
0.6969079297919276
0.9208633877667278
0.5578997133715254
0.8482606791629402
0.7361491369351141
0.1924019586131855
0.714003059503674
0.4553501921000454
0.29287073774262384
0.8414225470892938
0.8195107604470714
0.7681755111588515
0.7596320620911161
0.9037006013664111
0.5897491548789028
0.845290140831323
0.807889562693938
0.7454730478589707
0.7022815838959776
0.3019370994951177
0.8234593997657849
0.371894704535818
0.5264226321541233
0.7161036784316888
0.7441084232891897
0.767918429494879
0.7594948764334872
0.30435403800643945
0.7672553698488024
0.668787164966764
0.5689052919570974
0.7942633845899993
0.6873743891748234
0.02131753813202306
0.746401715284502
0.6267478769875003
0.8254624388342073
0.1201384786494369
0.5881638128669903
0.028844791908559566
0.30496731154950574
0.8623197795954877
0.10777669627361575
0.025705596926737736
0.8222579932801711
0.8415396550426343
0.7815605442402352
0.7638729363090514
0.9296712944449523
0.8349429286024257
0.8719717035522643
0.7479768123360884
0.8842830987587299
0.4797350452159903
0.8961926978946422
0.7352131629038311
0.8653951984568534
0.8736775959471457
0.18788752388453658
0.6419472258643897
0.5409917478781728
0.8668154990585744
0.2590090238247923
0.09574011914858971
0.6677150931417117
0.6828434550113169
0.8136887445106049
0.27947929608278244
0.3769488042637747
0.9336337656443894
0.9291515621276419
0.7855668255759735
0.5772784764231151
0.7569798029792447
0.6741128860794037
0.9234413917357138
0.3031939341249961
0.6934593469786493
0.9233782462719325
0.7342626773377027
0.4873687540249047
0.8324235296887567
0.7862344595735876
0.874232287523685
0.4095481047810741
0.3150581933397126
0.6745767527697352
0.6141697196322765
0.7843323229869881
0.8521032233986954
0.8917455153400557
0.37390998419190424
0.8169693971382548
0.9249249786826278
0.7827760478402739
0.6167292984874594
0.6879264800576657
0.8576773585660006
0.7855567598423276
0.726887046611161
0.6301605737898144
0.5344888992367977
0.4914653854312594
0.8341687805907717
0.06187518396571184
0.6088723877331623
0.0
0.8074277927775784
0.6662006174371841
0.8563560035136097
0.7564466603871831
0.8401442358866495
0.0
0.7678253392350735
0.18138728651684694
0.9159994233804278
0.7524438901336374
0.6035126090275827
0.7879254124403193
0.8045344703136458
0.29102501687203297
0.6432829846687389
0.27899905990517054
0.11892546004385288
0.7392796935710707
0.8345675907859393
0.6219398616762637
0.7648230198640038
0.7283408736642215
0.71122494066986
0.7414317968026735
0.6994290190927943
0.6634310824513602
0.6933091324029962
0.22880145824588743
0.5601865516279176
0.850617541550301
0.799087560797353
0.8109528853477805
0.866471356320259
0.7293021974692286
0.7226279827401504
0.9295287584357599
0.8105320035382595
0.03960959380541614
0.046765360764946334
0.9150491432618105
0.5024893405447798
0.833884451663929
0.5581133279456619
0.7526217439519759
0.28362544720077393
0.8723439363657675
0.8322388401684427
0.7822568754343775
0.5120499358049572
0.9229121214676744
0.6686782783412949
0.6405815762136835
0.6125011394756391
0.6446611828503226
0.7400209863358705
0.6617139026730829
0.717288406336857
0.8466147456275553
0.7996250354730172
0.28142020285544384
0.8325337462271221
0.3775452002722732
0.7555728442585726
0.7395577413602091
0.8811029359316892
0.8985145230065514
0.7372418615841858
0.8957792440298404
0.6885480668807947
0.4737690059580971
0.551932601458835
0.16098895721578327
0.5959170414014964
0.8104180983758832
0.7231959635898965
0.28953632975403015
0.8338002512161001
0.18126768998789622
0.8480096404009726
0.11452046639046322
0.8752352393254403
0.5244781207375766
0.5983184899801695
0.8625278911584726
0.44306189978385285
0.18286251728564532
0.35400358898110773
0.4827813130831767
0.919833584573207
0.8077419934663754
0.7913304113993086
0.6428510746882242
0.1995542754096358
0.45757308397893814
0.6497734107420464
0.854644503088303
0.8357553241578292
0.552296917766368
0.8794879454277036
0.6726733408239117
0.5739959721823973
0.9700236382614319
0.6811001918237849
0.630566203520388
0.6989925279222844
0.6771230736946567
0.6359723739199056
0.908603325973374
0.23586069409857807
0.05299207125782095
0.8526583709411326
0.7464951184823205
0.3649899615327896
0.7666820347076163
0.9114499566533603
0.6927099636490504
0.6978473172531421
0.30472962148130583
0.6253698237061432
0.9380203174557517
0.7987073227937475
0.6376469565623986
0.7217401136900639
0.6118738669056123
0.0
0.8423668680724135
0.7269948531375374
0.23715004061826664
0.47731866074711393
0.4095062334478522
0.785982331172785
0.6916419101821522
0.8601036597180394
0.9165248894936325
0.8686570485616619
0.818361312693357
0.783226008372784
0.7162425093219216
0.7086758459322042
0.3911928730314402
0.3015586849672273
0.12858485913025847
0.8629065336199969
0.16200873772876342
0.8981668030117594
0.8101406681029352
0.4291079502873389
0.8713652438472298
0.3329539904911306
0.8569209684595271
0.07831634249179747
0.6868124801032419
0.6047296890820679
0.6877761893645044
0.9060330749516906
0.880599095374787
0.675263028317102
0.8459074672591139
0.7625882901715954
0.6532995606339753
0.0
0.8918952452420226
0.8383686056824684
0.636931816765174
0.8491854652126956
0.7778492618960242
0.610880861978707
0.4526991308874417
0.813962116858145
0.4739359561499651
0.7797586556120637
0.7638900659771606
0.6318715681740058
0.8635812643448261
0.452569460679789
0.9002282787260572
0.7577852852147048
0.7478486154851127
0.8394108759989662
0.7114219135834469
0.701854878706285
0.7469873330148342
0.7423974283288318
0.7920974068680222
0.0
0.7282854845871602
0.6550080498949331
0.7042180575551716
0.7912976776829193
0.6058536082912671
0.8502796901650581
0.7956906580510418
0.669834349193512
0.6764584689162533
0.9133507636234411
0.1423177516610988
0.19601702813370803
0.8093792754505207
0.6374298465281877
0.7306179070080147
0.5558903001181094
0.8929066283693683
0.6533141471732491
0.5220606454270668
0.7650578378893673
0.7897118705418475
0.5205090906190529
0.8507980389880698
0.9048485716660494
0.7861087047398797
0.7856296422947294
0.15131388208910102
0.4037934638917169
0.5989118471187405
0.8429204584188109
0.49535000474093865
0.8137699127544267
0.882264272215536
0.801874372845431
0.7550104683398647
0.0
0.6347297477771029
0.7077220728959038
0.0
0.4157992675476307
0.7095740337618306
0.78168200363022
0.6409878124261518
0.7973400669908487
0.32206263298841725
0.6269914396236241
0.6824065243843885
0.6729190282582987
0.5455814164754706
0.7174913653541202
0.9172997688207698
0.7688247384199197
0.7463317911357148
0.535608919922261
0.8550128188998306
0.6319235502010851
0.9208018470587088
0.3204133906107204
0.06083403746619741
0.7947276470217367
0.23762008613188526
0.7886422770898335
0.6529190298428781
0.7335698331395862
0.7696280752967752
0.37213488858361427
0.8686194113876614
0.46689976577428105
0.5787656266240135
0.6473734785909684
0.8414721928641787
0.7647046286217044
0.651027266127745
0.7149769761689065
0.8482420943216705
0.6098588018529528
0.7230703767260638
0.856591286316215
0.3828705539276332
0.4546985191484737
0.0
0.7369038293493224
0.4807596673645792
0.21772178455462873
0.47683748290831685
0.5382875795604859
0.3221970556700574
0.6065477011851668
0.6183325308463948
0.8957793209845358
0.5458527368524955
0.8905527880210898
0.741520756548548
0.7982347375104967
0.8778252146287516
0.6182089886401491
0.6583431231434925
0.8745084973646041
0.28231660191151986
0.8742330593443705
0.684024556708508
0.7583759890310131
0.6730135068989844
0.11505423863045684
0.2786033188977477
0.8640265978890738
0.5348881646425642
0.5722882854384557
0.9296764531362787
0.7020904813238215
0.3228156707940289
0.377087514499476
0.1739516193256516
0.03135064509097563
0.004284682984983499
0.7865303354638145
0.7657031323929969
0.5994447047669297
0.7861811890702219
0.6003497362148443
0.17364849267399424
0.8530555076120262
0.7994535355246505
0.8043918374246886
0.7141789073182654
0.8298633672547477
0.6368987098734595
0.7469247259820708
0.6796904845757108
0.6782117317371515
0.6079320087126737
0.5968481350580549
0.3592127565710367
0.5903480433077859
0.5572056814225439
0.26245921226704433
0.8252372795478707
0.892837664327553
0.7508771209836103
0.22048042964918768
0.6837122885513482
0.7064197674360341
0.7566304929904115
0.44747168025086714
0.6561167323430546
0.7854271417500404
0.6660803843111623
0.16760647040401738
0.8164393933577749
0.8810569936052337
0.7247865736497833
0.7191541364301591
0.7919763608659662
0.813431108172746
0.19412406649031727
0.8134944131135827
0.8175613751537026
0.7517001599755787
0.32097974942874524
0.681286463885017
0.6836575274618759
0.8786134521676732
0.445363529636202
0.9371454919342086
0.7398989803769941
0.3273587881830111
0.15161972314565345
0.7630521596246183
0.76313746097566
0.6435509328335374
0.6575497173869793
0.6462415106916936
0.5694320486324985
0.6636977125740747
0.0986448803061163
0.6036545464575426
0.6674346492936946
0.552333445815902
0.7188084556846084
0.22619448150550775
0.6625137675503799
0.7861064182720876
0.29887051755947086
0.7161975890796395
0.6708437624462669
0.7886026809571307
0.836588820866297
0.3867500627694294
0.7531622585460545
0.5951423645560614
0.8302957072382079
0.49443063259030284
0.22934920341158685
0.7437344108081092
0.5834489817108447
0.7274129760456621
0.8494447607464792
0.8260721584322864
0.7144110279749529
0.7750202115093753
0.012441227783110029
0.8614170022105005
0.8264000703315598
0.616514026254622
0.7954744701814347
0.0
0.5111500897929959
0.8612603835843746
0.8006881518707044
0.7949071837871439
0.7525306061598325
0.6997605592436258
0.48689230750806634
0.7021242093355645
0.622960991323678
0.1965180711439827
0.8130721779672079
0.6944765667173496
0.24961471956138712
0.8141655240593343
0.5757808662765534
0.43809846086699217
0.8497956714943047
0.10013588305732604
0.8639486108756929
0.25542900161914445
0.0
0.8231344154746019
0.8756530874017537
0.6307043783734267
0.8019930879699633
0.8223066183622993
0.25997451136407573
0.8069341055984065
0.5758623316524271
0.34295594228844273
0.16684011885279254
0.4357466431647299
0.6532063784118858
0.8115441862179306
0.7593256523790604
0.42530140979794656
0.32460244029877705
0.6679582465686704
0.8658865978300538
0.8104741802236951
0.7848218989390484
0.7260172164556141
0.805728669307749
0.7797901182940515
0.6081176181269623
0.9072132537450543
0.8937271969154863
0.9395239075652405
0.8894752812037764
0.7150514190447435
0.8924999560307697
0.7666060467133499
0.7666499098202086
0.7985661339160585
0.797105925386442
0.13239689955475573
0.7326063359009398
0.8829736042171429
0.8388816648859682
0.8051292761361429
0.25975889318753603
0.8741740744482762
0.8765444231388853
0.8911963603305669
0.8795555692703533
0.7861331511056533
0.9027192213975055
0.47502141186991503
0.6970642840229613
0.15561602882407527
0.8577091993881459
0.17891186461041944
0.21015674297605855
0.6888390014277891
0.7640494722645316
0.7491795226803907
0.0
0.601008387564474
0.7421088275710415
0.7740992929145953
0.8561665394120844
0.8041439407881996
0.8776982579163026
0.5549235430106105
0.7107733991398576
0.49539992678810607
0.6959325930076982
0.8038963518220197
0.6407470511080585
0.17548954720586163
0.9020829822384245
0.4332591357958112
0.8674870661844174
0.8974811361587126
0.6668146037934494
0.6432838564937956
0.7641483598961825
0.7602304919617063
0.7189265125591404
0.6643726142422992
0.16113099141388051
0.609069372764899
0.8107884769777072
0.11356106987354543
0.3381818538230912
0.7945988417103379
0.8540530143308032
0.5319327373656315
0.7523238643422392
0.6805110404205615
0.2483263744947016
0.33090541621066477
0.7615613616984573
0.6876711636569955
0.6061778788156561
0.5978161263365347
0.5687406354043725
0.8321417912778847
0.5963880942905517
0.5062502122219824
0.7974336437351611
0.7719699124124269
0.21589850685371
0.7602693179407058
0.7433162447864099
0.7199483324836142
0.7817277282861528
0.8285943725826808
0.09060099875711095
0.8826059808356577
0.6564892875915754
0.8248626886464221
0.876744619785925
0.823882092263937
0.6389672339546435
0.7086932214709093
0.6741066719317468
0.6497723425333513
0.6543793395783557
0.10639849188952775
0.8678263804918636
0.12324925352133063
0.6559255765361791
0.1803679471192865
0.8375925482762788
0.8545268395686724
0.7909289089821978
0.7100534581135883
0.40297813300286744
0.7923037187777155
0.5431157652004973
0.46710153491721956
0.747502985826789
0.35193611406509595
0.6158078791708098
0.6614312132968629
0.7537439649845733
0.6522951145998749
0.41318068132193536
0.7541844885388195
0.6921054494695243
0.05920359320017509
0.7135138342954
0.7194901965253014
0.5639967730188468
0.5779101683698248
0.865589381874537
0.7751314917970503
0.1279040648382787
0.8396188969065708
0.7623206098140475
0.7343333392386295
0.839360065604962
0.8414870007621843
0.22429023222011132
0.6913450463575357
0.6362352789463249
0.680839069705073
0.8941022368581656
0.9306017624979434
0.31269128583134886
0.7218481498168376
0.814755720118741
0.748585184742116
0.5363027794922623
0.7805432676536088
0.8792462409652357
0.5920236046053889
0.5265218501278646
0.7949627287150383
0.8855254520979302
0.7888914359669298
0.14167110480514042
0.7061788267239482
0.7449399741171824
0.164034395963092
0.8605214010061236
0.6176438580899809
0.8298745182066797
0.8854949593163318
0.8348350772009241
0.312579729571384
0.726320528880727
0.5725724555159671
0.6312080727322232
0.5858232913137289
0.9340199410778812
0.6066082571942829
0.7368253440702216
0.8557513358445727
0.847164657993543
0.7601579537638528
0.8215476910402781
0.5678652202037305
0.11486590834491686
0.7354305592839069
0.4603296566331637
0.7849744423175783
0.8952919030783866
0.8030727019853993
0.8708326746173697
0.9120277797480277
0.1412224020489052
0.4819233733132308
0.30796735381334106
0.7577108918149159
0.67265811132104
0.7666079259445219
0.8225194034494693
0.7387074638567934
0.6905579379975401
0.7647582927964706
0.0
0.615110205235494
0.5365361391486971
0.8789785923689571
0.8262679343490033
0.7595200334093756
0.6691815066651237
0.0
0.9057242298242172
0.6671301815500632
0.506855214003554
0.7587183384586217
0.22216033142228153
0.5363554810882714
0.33424021799994486
0.3936829616878457
0.22149938391253793
0.7545624475814795
0.7359501520212317
0.8295373609825574
0.7932993793593363
0.7157277473933557
0.7625261351702792
0.37260354328475453
0.7065093916301396
0.8787608781529881
0.8559600860930358
0.7686078569471025
0.1911141787122322
0.16363727115106563
0.6811944427825715
0.5945399855817136
0.6698392216672164
0.7849572496123399
0.8380836493981956
0.7178454656074249
0.9032216778031021
0.19146998202773816
0.6008388675689588
0.6849074059780191
0.7334529365003944
0.43545301758195987
0.3579404964599557
0.8749548525685582
0.117558086960517
0.8001451834427801
0.7780653281607142
0.4996709602807207
0.9228644463452828
0.8065935882024808
0.8557269464221717
0.6571776614669232
0.8338030080213985
0.7349173581909211
0.922045898541918
0.44734615033605807
0.0
0.7850825737812381
0.7409017634412538
0.20871005713910448
0.8832169805714463
0.7885829107567
0.5382529795781055
0.902224704039417
0.9372564343673431
0.760825228986858
0.6498081104934343
0.9421557316172718
0.8316293654067038
0.7287234951299913
0.6462515675469819
0.9071819417819716
0.7667317306637692
0.5767152345664652
0.6425889558638381
0.6380158673907756
0.7706238926391205
0.5077922614385971
0.7525993068577977
0.7996746422734843
0.7482219478526319
0.0938715567542507
0.1287861226132813
0.3086356922753319
0.7506666420402719
0.0
0.7410835682592666
0.7787009382947641
0.6405205398330152
0.7146883180392922
0.8955640679668967
0.7476150277548496
0.5907950175001938
0.5326117883229481
0.8604325314558983
0.7608410854002894
0.7369701095053677
0.6093597415494627
0.8327361804017063
0.745759465037822
0.17836102618839353
0.1125092612615557
0.641994357937648
0.7422895126939979
0.6184996821148472
0.6198975397667099
0.6752116602421484
0.8354454721639653
0.7772375146364696
0.9276704855459833
0.9083198990794052
0.8277500112974177
0.6769025657601149
0.9002481537196239
0.47287874781357353
0.6031486617674532
0.6872988079523313
0.8446901945619311
0.8196941502174632
0.7634343696364331
0.7344803307154821
0.8580709264123968
0.59743167772873
0.5735724321486012
0.6660979483884437
0.0065953071157733405
0.7687948791453557
0.5871386646440385
0.6775935571112478
0.5939313029679341
0.8719648504418325
0.919271277232824
0.6451050267034345
0.9193371479428329
0.5568766053904921
0.8262557414369265
0.733534103394527
0.8214782552889225
0.8879088553203143
0.4032089345602015
0.4960280806102067
0.749225424183713
0.7910188035401239
0.0
0.5149198726120624
0.7032144772975409
0.4919914569518464
0.7568071320913564
0.643816746857583
0.7638943393780168
0.6684098291955889
0.6650923022234587
0.43982437510568567
0.7473954471960719
0.6372082049200049
0.9543698875329645
0.8597659471413923
0.7127167312011862
0.7609989424622329
0.6817764788404628
0.30984955013821586
0.9169000656406979
0.42056271877469814
0.529185598177808
0.11559093229937802
0.31665209081013573
0.7134014109803016
0.8088456019514708
0.8430150028978064
0.17919917483793868
0.6359515119325921
0.8156262479466698
0.8915010506195069
0.8871597109409768
0.8565910889970733
0.7591109150733399
0.777211160534709
0.5549075292284599
0.7717918429500011
